place(22.486, 0.987, 24.196, "Scout", 250)
place(22.509, 0.988, 27.285, "Scout", 250)
place(19.329, 0.983, 24.060, "Scout", 250)
place(19.506, 0.986, 27.120, "Scout", 250)
place(16.131, 0.979, 24.144, "Scout", 250)
place(16.468, 0.981, 27.126, "Scout", 250)
place(16.355, 0.984, 30.203, "Scout", 250)
task.wait(1)
upgrade(16.355, 2.334, 30.203, 150)
upgrade(16.355, 2.334, 30.203, 500)
upgrade(16.468, 2.331, 27.126, 150)
upgrade(16.131, 2.329, 24.144, 150)
upgrade(16.468, 2.331, 27.126, 500)
upgrade(16.131, 2.329, 24.144, 500)
upgrade(19.506, 2.336, 27.120, 150)
upgrade(19.506, 2.336, 27.120, 500)
upgrade(19.329, 2.333, 24.060, 150)
upgrade(19.329, 2.333, 24.060, 500)
upgrade(22.509, 2.338, 27.285, 150)
upgrade(22.509, 2.338, 27.285, 500)
upgrade(22.486, 2.337, 24.196, 150)
upgrade(22.486, 2.337, 24.196, 500)
place(16.266, 0.986, 33.263, "Scout", 250)
task.wait(1)
upgrade(16.266, 2.336, 33.263, 150)
upgrade(16.266, 2.336, 33.263, 500)
place(13.018, 0.974, 24.050, "Scout", 250)
task.wait(1)
upgrade(13.018, 2.324, 24.050, 150)
upgrade(13.018, 2.324, 24.050, 500)
place(13.382, 0.977, 27.073, "Scout", 250)
task.wait(1)
upgrade(13.382, 2.327, 27.073, 150)
upgrade(13.382, 2.327, 27.073, 500)
place(13.290, 0.979, 30.097, "Scout", 250)
task.wait(1)
upgrade(13.290, 2.329, 30.097, 150)
upgrade(13.290, 2.329, 30.097, 500)
place(13.252, 0.982, 33.152, "Scout", 250)
task.wait(1)
upgrade(13.252, 2.332, 33.152, 150)
upgrade(13.252, 2.332, 33.152, 500)
place(9.985, 0.970, 24.206, "Scout", 250)
task.wait(1)
upgrade(9.985, 2.320, 24.206, 150)
upgrade(9.985, 2.320, 24.206, 500)
place(10.329, 0.973, 27.265, "Scout", 250)
task.wait(1)
upgrade(10.329, 2.323, 27.265, 150)
upgrade(10.329, 2.323, 27.265, 500)
place(10.260, 0.975, 30.304, "Scout", 250)
task.wait(1)
upgrade(10.260, 2.325, 30.304, 150)
upgrade(10.260, 2.325, 30.304, 500)
place(10.221, 0.984, 33.347, "Scout", 250)
task.wait(1)
upgrade(10.221, 2.334, 33.347, 150)
upgrade(10.221, 2.334, 33.347, 500)
place(-29.288, 0.991, -33.566, "Mercenary Base", 2750)
task.wait(1)
upgrade(22.486, 2.337, 24.196, 2325)
upgrade(22.509, 2.338, 27.285, 2325)
upgrade(19.506, 2.336, 27.120, 2325)
upgrade(19.329, 2.333, 24.060, 2325)
upgrade(16.131, 2.329, 24.144, 2325)
upgrade(16.468, 2.331, 27.126, 2325)
upgrade(16.355, 2.334, 30.203, 2325)
upgrade(16.266, 2.336, 33.263, 2325)
upgrade(13.018, 2.324, 24.050, 2325)
upgrade(13.382, 2.327, 27.073, 2325)
upgrade(13.290, 2.329, 30.097, 2325)
upgrade(13.252, 2.332, 33.152, 2325)
upgrade(9.985, 2.320, 24.206, 2325)
upgrade(10.329, 2.323, 27.265, 2325)
upgrade(10.260, 2.325, 30.304, 2325)
upgrade(10.221, 2.334, 33.347, 2325)
upgrade(-29.288, 0.966, -33.566, 1350)
upgrade(-29.288, 0.966, -33.566, 2750)
upgrade(-29.288, 0.966, -33.566, 7500)
place(-36.748, 0.991, -33.337, "Mercenary Base", 2750)
task.wait(1)
upgrade(-36.748, 0.966, -33.337, 1350)
upgrade(-36.748, 0.966, -33.337, 2750)
upgrade(-36.748, 0.966, -33.337, 7500)
place(16.851, 0.977, 6.191, "Mercenary Base", 2750)
task.wait(1)
upgrade(16.851, 0.952, 6.191, 1350)
upgrade(16.851, 0.952, 6.191, 2750)
upgrade(16.851, 0.952, 6.191, 7500)
place(9.751, 0.967, 20.090, "DJ Booth", 1200)
task.wait(1)
upgrade(9.751, 2.332, 20.090, 300)
upgrade(9.751, 2.332, 20.090, 1250)
upgrade(9.751, 2.332, 20.090, 3000)
upgrade(9.985, 2.320, 24.206, 5500)
upgrade(10.329, 2.323, 27.265, 5500)
upgrade(10.260, 2.325, 30.304, 5500)
upgrade(10.221, 2.334, 33.347, 5500)
upgrade(13.018, 2.324, 24.050, 5500)
upgrade(13.382, 2.327, 27.073, 5500)
upgrade(13.290, 2.329, 30.097, 5500)
upgrade(13.252, 2.332, 33.152, 5500)
upgrade(-29.288, 0.966, -33.566, 10000)
upgrade(-29.288, 0.966, -33.566, 13500)
upgrade(-29.288, 0.966, -33.566, 36000)
upgrade(-36.748, 0.966, -33.337, 10000)
upgrade(-36.748, 0.966, -33.337, 13500)
upgrade(-36.748, 0.966, -33.337, 36000)
upgrade(16.131, 2.329, 24.144, 5500)
upgrade(16.468, 2.331, 27.126, 5500)
upgrade(16.355, 2.334, 30.203, 5500)
upgrade(16.266, 2.336, 33.263, 5500)
upgrade(19.329, 2.333, 24.060, 5500)
upgrade(19.506, 2.336, 27.120, 5500)
upgrade(22.486, 2.337, 24.196, 5500)
upgrade(22.509, 2.338, 27.285, 5500)
upgrade(9.751, 2.332, 20.090, 8000)
upgrade(9.751, 2.332, 20.090, 20000)
place(16.117, 0.974, 18.904, "Engineer", 600)
task.wait(1)
upgrade(16.117, 2.324, 18.904, 350)
upgrade(16.117, 2.324, 18.904, 550)
upgrade(16.117, 2.324, 18.904, 2250)
upgrade(16.117, 2.324, 18.904, 4750)
upgrade(16.117, 2.324, 18.904, 13500)
upgrade(16.117, 2.324, 18.904, 35000)
place(16.148, 0.942, 15.819, "Engineer", 600)
task.wait(1)
upgrade(16.148, 2.292, 15.819, 350)
upgrade(16.148, 2.292, 15.819, 550)
upgrade(16.148, 2.292, 15.819, 2250)
upgrade(16.148, 2.292, 15.819, 4750)
upgrade(16.148, 2.292, 15.819, 13500)
upgrade(16.148, 2.292, 15.819, 35000)
place(16.181, 0.953, 12.698, "Engineer", 600)
task.wait(1)
upgrade(16.181, 2.303, 12.698, 350)
upgrade(16.181, 2.303, 12.698, 550)
upgrade(16.181, 2.303, 12.698, 2250)
upgrade(16.181, 2.303, 12.698, 4750)
upgrade(16.181, 2.303, 12.698, 13500)
upgrade(16.181, 2.303, 12.698, 35000)
place(19.207, 0.979, 18.880, "Engineer", 600)
task.wait(1)
upgrade(19.207, 2.329, 18.880, 350)
upgrade(19.207, 2.329, 18.880, 550)
upgrade(19.207, 2.329, 18.880, 2250)
upgrade(19.207, 2.329, 18.880, 4750)
upgrade(19.207, 2.329, 18.880, 13500)
upgrade(19.207, 2.329, 18.880, 35000)
place(19.180, 0.957, 15.722, "Engineer", 600)
task.wait(1)
upgrade(19.180, 2.307, 15.722, 350)
upgrade(19.180, 2.307, 15.722, 550)
upgrade(19.180, 2.307, 15.722, 2250)
upgrade(19.180, 2.307, 15.722, 4750)
upgrade(19.180, 2.307, 15.722, 13500)
upgrade(19.180, 2.307, 15.722, 35000)
place(19.217, 0.968, 12.631, "Engineer", 600)
task.wait(1)
upgrade(19.217, 2.318, 12.631, 350)
upgrade(19.217, 2.318, 12.631, 550)
upgrade(19.217, 2.318, 12.631, 2250)
upgrade(19.217, 2.318, 12.631, 4750)
upgrade(19.217, 2.318, 12.631, 13500)
upgrade(19.217, 2.318, 12.631, 35000)
upgrade(16.851, 0.952, 6.191, 10000)
upgrade(16.851, 0.952, 6.191, 13500)
upgrade(16.851, 0.952, 6.191, 36000)
place(9.711, 0.929, 10.802, "Accelerator", 4500)
task.wait(1)
upgrade(9.711, 2.279, 10.802, 1000)
upgrade(9.711, 2.279, 10.802, 2500)
upgrade(9.711, 2.279, 10.802, 4750)
upgrade(9.711, 2.279, 10.802, 11250)
upgrade(9.711, 2.279, 10.802, 36000)
place(6.938, 0.921, 9.418, "Accelerator", 4500)
task.wait(1)
upgrade(6.938, 2.271, 9.418, 1000)
upgrade(6.938, 2.271, 9.418, 2500)
upgrade(6.938, 2.271, 9.418, 4750)
upgrade(6.938, 2.271, 9.418, 11250)
upgrade(6.938, 2.271, 9.418, 36000)
place(4.047, 0.911, 8.159, "Accelerator", 4500)
task.wait(1)
upgrade(4.047, 2.261, 8.159, 1000)
upgrade(4.047, 2.261, 8.159, 2500)
upgrade(4.047, 2.261, 8.159, 4750)
upgrade(4.047, 2.261, 8.159, 11250)
upgrade(4.047, 2.261, 8.159, 36000)
place(0.894, 0.918, 7.231, "Accelerator", 4500)
task.wait(1)
upgrade(0.894, 2.268, 7.231, 1000)
upgrade(0.894, 2.268, 7.231, 2500)
upgrade(0.894, 2.268, 7.231, 4750)
upgrade(0.894, 2.268, 7.231, 11250)
upgrade(0.894, 2.268, 7.231, 36000)
place(7.835, 0.911, 13.388, "Accelerator", 4500)
task.wait(1)
upgrade(7.835, 2.261, 13.388, 1000)
upgrade(7.835, 2.261, 13.388, 2500)
upgrade(7.835, 2.261, 13.388, 4750)
upgrade(7.835, 2.261, 13.388, 11250)
upgrade(7.835, 2.261, 13.388, 36000)
place(5.076, 0.919, 12.201, "Accelerator", 4500)
task.wait(1)
upgrade(5.076, 2.269, 12.201, 1000)
upgrade(5.076, 2.269, 12.201, 2500)
upgrade(5.076, 2.269, 12.201, 4750)
upgrade(5.076, 2.269, 12.201, 11250)
upgrade(5.076, 2.269, 12.201, 36000)
place(2.410, 0.931, 10.804, "Accelerator", 4500)
task.wait(1)
upgrade(2.410, 2.281, 10.804, 1000)
upgrade(2.410, 2.281, 10.804, 2500)
upgrade(2.410, 2.281, 10.804, 4750)
upgrade(2.410, 2.281, 10.804, 11250)
upgrade(2.410, 2.281, 10.804, 36000)
place(-0.522, 0.911, 10.046, "Accelerator", 4500)
task.wait(1)
upgrade(-0.522, 2.261, 10.046, 1000)
upgrade(-0.522, 2.261, 10.046, 2500)
upgrade(-0.522, 2.261, 10.046, 4750)
upgrade(-0.522, 2.261, 10.046, 11250)
upgrade(-0.522, 2.261, 10.046, 36000)
task.wait(0.5)
switchUnit(-36.748, 0.966, -33.337, "Unit 2", "Riot Guard")
switchUnit(-36.748, 0.966, -33.337, "Unit 3", "Riot Guard")
switchUnit(-36.748, 0.966, -33.337, "Unit 1", "Field Medic")
switchUnit(-29.288, 0.966, -33.566, "Unit 2", "Riot Guard")
switchUnit(-29.288, 0.966, -33.566, "Unit 3", "Riot Guard")
switchUnit(-29.288, 0.966, -33.566, "Unit 1", "Riot Guard")
switchUnit(16.851, 0.952, 6.191, "Unit 3", "Riot Guard")
switchUnit(16.851, 0.952, 6.191, "Unit 2", "Riot Guard")
switchUnit(16.851, 0.952, 6.191, "Unit 1", "Riot Guard")
