place(12.264, 0.973, 24.100, "Soldier", 500)
task.wait(1)
upgrade(12.264, 2.323, 24.100, 250)
place(15.356, 0.977, 24.038, "Soldier", 500)
task.wait(1)
upgrade(15.356, 2.327, 24.038, 250)
place(18.476, 0.982, 24.049, "Soldier", 500)
task.wait(1)
upgrade(18.476, 2.332, 24.049, 250)
upgrade(15.356, 2.327, 24.038, 800)
upgrade(18.476, 2.332, 24.049, 800)
upgrade(12.264, 2.323, 24.100, 800)
place(21.584, 0.986, 24.004, "Soldier", 500)
task.wait(1)
upgrade(21.584, 2.336, 24.004, 250)
upgrade(21.584, 2.336, 24.004, 800)
place(9.237, 0.969, 24.196, "Soldier", 500)
task.wait(1)
upgrade(9.237, 2.319, 24.196, 250)
upgrade(9.237, 2.319, 24.196, 800)
place(12.268, 0.976, 27.118, "Soldier", 500)
task.wait(1)
upgrade(12.268, 2.326, 27.118, 250)
upgrade(12.268, 2.326, 27.118, 800)
place(15.317, 0.980, 27.087, "Soldier", 500)
task.wait(1)
upgrade(15.317, 2.330, 27.087, 250)
upgrade(15.317, 2.330, 27.087, 800)
place(18.331, 0.984, 27.115, "Soldier", 500)
task.wait(1)
upgrade(18.331, 2.334, 27.115, 250)
upgrade(18.331, 2.334, 27.115, 800)
place(21.368, 0.988, 27.137, "Soldier", 500)
task.wait(1)
upgrade(21.368, 2.338, 27.137, 250)
upgrade(21.368, 2.338, 27.137, 800)
place(9.236, 0.972, 27.275, "Soldier", 500)
task.wait(1)
upgrade(9.236, 2.322, 27.275, 250)
upgrade(9.236, 2.322, 27.275, 800)
place(10.073, 0.967, 19.935, "DJ Booth", 1200)
task.wait(1)
upgrade(10.073, 2.332, 19.935, 300)
upgrade(10.073, 2.332, 19.935, 1250)
upgrade(10.073, 2.332, 19.935, 3000)
task.wait(0.5)
switchTrack(10.073, 2.332, 19.935, "Green")
place(-2.159, 0.951, 20.226, "Military Base", 400)
task.wait(1)
upgrade(-2.159, 0.951, 20.226, 200)
upgrade(-2.159, 0.951, 20.226, 400)
upgrade(-2.159, 0.951, 20.226, 1750)
upgrade(-2.159, 0.951, 20.226, 7500)
upgrade(9.236, 2.322, 27.275, 5750)
upgrade(9.237, 2.319, 24.196, 5750)
upgrade(12.264, 2.323, 24.100, 5750)
upgrade(12.268, 2.326, 27.118, 5750)
place(-2.701, 0.953, 24.711, "Military Base", 400)
task.wait(1)
upgrade(-2.701, 0.953, 24.711, 200)
upgrade(-2.701, 0.953, 24.711, 400)
upgrade(-2.701, 0.953, 24.711, 1750)
upgrade(-2.701, 0.953, 24.711, 7500)
place(-2.363, 0.958, 29.471, "Military Base", 400)
task.wait(1)
upgrade(-2.363, 0.958, 29.471, 200)
upgrade(-2.363, 0.958, 29.471, 400)
upgrade(-2.363, 0.958, 29.471, 1750)
upgrade(-2.363, 0.958, 29.471, 7500)
upgrade(15.356, 2.327, 24.038, 5750)
upgrade(15.317, 2.330, 27.087, 5750)
upgrade(18.331, 2.334, 27.115, 5750)
upgrade(18.476, 2.332, 24.049, 5750)
upgrade(21.368, 2.338, 27.137, 5750)
upgrade(21.584, 2.336, 24.004, 5750)
place(-2.907, 0.923, 15.703, "Military Base", 400)
task.wait(1)
upgrade(-2.907, 0.923, 15.703, 200)
upgrade(-2.907, 0.923, 15.703, 400)
upgrade(-2.907, 0.923, 15.703, 1750)
upgrade(-2.907, 0.923, 15.703, 7500)
place(-6.916, 0.944, 20.774, "Military Base", 400)
task.wait(1)
upgrade(10.073, 2.332, 19.935, 8000)
upgrade(-6.916, 0.944, 20.774, 200)
upgrade(-6.916, 0.944, 20.774, 400)
upgrade(-6.916, 0.944, 20.774, 1750)
upgrade(-6.916, 0.944, 20.774, 7500)
upgrade(10.073, 2.332, 19.935, 20000)
place(16.350, 0.975, 18.811, "Engineer", 600)
task.wait(1)
upgrade(16.350, 2.325, 18.811, 350)
upgrade(16.350, 2.325, 18.811, 550)
upgrade(16.350, 2.325, 18.811, 2250)
upgrade(16.350, 2.325, 18.811, 4750)
upgrade(16.350, 2.325, 18.811, 13500)
place(16.068, 0.942, 15.710, "Engineer", 600)
task.wait(1)
upgrade(16.068, 2.292, 15.710, 350)
upgrade(16.068, 2.292, 15.710, 550)
upgrade(16.068, 2.292, 15.710, 2250)
upgrade(16.068, 2.292, 15.710, 4750)
upgrade(16.068, 2.292, 15.710, 13500)
place(16.181, 0.953, 12.648, "Engineer", 600)
task.wait(1)
upgrade(16.181, 2.303, 12.648, 350)
upgrade(16.181, 2.303, 12.648, 550)
upgrade(16.181, 2.303, 12.648, 2250)
upgrade(16.181, 2.303, 12.648, 4750)
upgrade(16.181, 2.303, 12.648, 13500)
place(19.446, 0.979, 18.776, "Engineer", 600)
task.wait(1)
upgrade(19.446, 2.329, 18.776, 350)
upgrade(19.446, 2.329, 18.776, 550)
upgrade(19.446, 2.329, 18.776, 2250)
upgrade(19.446, 2.329, 18.776, 4750)
upgrade(19.446, 2.329, 18.776, 13500)
place(19.214, 0.958, 15.609, "Engineer", 600)
task.wait(1)
upgrade(19.214, 2.308, 15.609, 350)
upgrade(19.214, 2.308, 15.609, 550)
upgrade(19.214, 2.308, 15.609, 2250)
upgrade(19.214, 2.308, 15.609, 4750)
upgrade(19.214, 2.308, 15.609, 13500)
place(19.227, 0.968, 12.566, "Engineer", 600)
task.wait(1)
upgrade(19.227, 2.318, 12.566, 350)
upgrade(19.227, 2.318, 12.566, 550)
upgrade(19.227, 2.318, 12.566, 2250)
upgrade(19.227, 2.318, 12.566, 4750)
upgrade(19.227, 2.318, 12.566, 13500)
upgrade(16.350, 2.325, 18.811, 35000)
upgrade(16.068, 2.292, 15.710, 35000)
upgrade(16.181, 2.303, 12.648, 35000)
upgrade(19.446, 2.329, 18.776, 35000)
upgrade(19.214, 2.308, 15.609, 35000)
upgrade(19.227, 2.318, 12.566, 35000)
upgrade(-2.907, 0.923, 15.703, 25000)
upgrade(-6.916, 0.944, 20.774, 25000)
upgrade(-2.159, 0.951, 20.226, 25000)
upgrade(-2.701, 0.953, 24.711, 25000)
upgrade(-2.363, 0.958, 29.471, 25000)
place(9.482, 0.927, 11.218, "Accelerator", 4500)
task.wait(1)
upgrade(9.482, 2.277, 11.218, 1000)
upgrade(9.482, 2.277, 11.218, 2500)
upgrade(9.482, 2.277, 11.218, 4750)
upgrade(9.482, 2.277, 11.218, 11250)
place(6.705, 0.919, 9.584, "Accelerator", 4500)
task.wait(1)
upgrade(6.705, 2.269, 9.584, 1000)
upgrade(6.705, 2.269, 9.584, 2500)
upgrade(6.705, 2.269, 9.584, 4750)
upgrade(6.705, 2.269, 9.584, 11250)
place(3.786, 0.910, 8.101, "Accelerator", 4500)
task.wait(1)
upgrade(3.786, 2.260, 8.101, 1000)
upgrade(3.786, 2.260, 8.101, 2500)
upgrade(3.786, 2.260, 8.101, 4750)
upgrade(3.786, 2.260, 8.101, 11250)
place(0.574, 0.919, 7.148, "Accelerator", 4500)
task.wait(1)
upgrade(0.574, 2.269, 7.148, 1000)
upgrade(0.574, 2.269, 7.148, 2500)
upgrade(0.574, 2.269, 7.148, 4750)
upgrade(0.574, 2.269, 7.148, 11250)
task.wait(0.5)
switchTrack(10.073, 2.332, 19.935, "Purple")
place(7.951, 0.910, 13.967, "Accelerator", 4500)
task.wait(1)
upgrade(7.951, 2.260, 13.967, 1000)
upgrade(7.951, 2.260, 13.967, 2500)
upgrade(7.951, 2.260, 13.967, 4750)
upgrade(7.951, 2.260, 13.967, 11250)
place(5.189, 0.918, 12.184, "Accelerator", 4500)
task.wait(1)
upgrade(5.189, 2.268, 12.184, 1000)
upgrade(5.189, 2.268, 12.184, 2500)
upgrade(5.189, 2.268, 12.184, 4750)
upgrade(5.189, 2.268, 12.184, 11250)
place(2.357, 0.930, 10.979, "Accelerator", 4500)
task.wait(1)
upgrade(2.357, 2.280, 10.979, 1000)
upgrade(2.357, 2.280, 10.979, 2500)
upgrade(2.357, 2.280, 10.979, 4750)
upgrade(2.357, 2.280, 10.979, 11250)
place(-0.606, 0.911, 9.987, "Accelerator", 4500)
task.wait(1)
upgrade(-0.606, 2.261, 9.987, 1000)
upgrade(-0.606, 2.261, 9.987, 2500)
upgrade(-0.606, 2.261, 9.987, 4750)
upgrade(-0.606, 2.261, 9.987, 11250)
upgrade(-0.606, 2.261, 9.987, 36000)
upgrade(0.574, 2.269, 7.148, 36000)
upgrade(2.357, 2.280, 10.979, 36000)
upgrade(3.786, 2.260, 8.101, 36000)
upgrade(5.189, 2.268, 12.184, 36000)
upgrade(6.705, 2.269, 9.584, 36000)
upgrade(7.951, 2.260, 13.967, 36000)
upgrade(9.482, 2.277, 11.218, 36000)
place(12.804, 0.934, 13.592, "Soldier", 500)
task.wait(1)
upgrade(12.804, 2.284, 13.592, 250)
upgrade(12.804, 2.284, 13.592, 800)
upgrade(12.804, 2.284, 13.592, 5750)
upgrade(12.804, 2.284, 13.592, 14500)
place(13.260, 0.947, 10.452, "Soldier", 500)
task.wait(1)
upgrade(13.260, 2.297, 10.452, 250)
upgrade(13.260, 2.297, 10.452, 800)
upgrade(13.260, 2.297, 10.452, 5750)
upgrade(13.260, 2.297, 10.452, 14500)
upgrade(9.236, 2.322, 27.275, 14500)
upgrade(9.237, 2.319, 24.196, 14500)
upgrade(12.264, 2.323, 24.100, 14500)
upgrade(12.268, 2.326, 27.118, 14500)
upgrade(15.317, 2.330, 27.087, 14500)
upgrade(15.356, 2.327, 24.038, 14500)
upgrade(18.476, 2.332, 24.049, 14500)
upgrade(18.331, 2.334, 27.115, 14500)
upgrade(21.584, 2.336, 24.004, 14500)
upgrade(21.368, 2.338, 27.137, 14500)
place(16.192, 0.965, 9.076, "Soldier", 500)
task.wait(1)
upgrade(16.192, 2.315, 9.076, 250)
upgrade(16.192, 2.315, 9.076, 800)
upgrade(16.192, 2.315, 9.076, 5750)
upgrade(16.192, 2.315, 9.076, 14500)
place(19.593, 0.978, 9.305, "Soldier", 500)
task.wait(1)
upgrade(19.593, 2.328, 9.305, 250)
upgrade(19.593, 2.328, 9.305, 800)
upgrade(19.593, 2.328, 9.305, 5750)
upgrade(19.593, 2.328, 9.305, 14500)
place(17.218, 0.979, 5.932, "Soldier", 500)
task.wait(1)
upgrade(17.218, 2.329, 5.932, 250)
upgrade(17.218, 2.329, 5.932, 800)
upgrade(17.218, 2.329, 5.932, 5750)
upgrade(17.218, 2.329, 5.932, 14500)
place(20.456, 0.988, 6.343, "Soldier", 500)
task.wait(1)
upgrade(20.456, 2.338, 6.343, 250)
upgrade(20.456, 2.338, 6.343, 800)
upgrade(20.456, 2.338, 6.343, 5750)
upgrade(20.456, 2.338, 6.343, 14500)
place(15.670, 0.981, 3.008, "Soldier", 500)
task.wait(1)
upgrade(15.670, 2.331, 3.008, 250)
upgrade(15.670, 2.331, 3.008, 800)
upgrade(15.670, 2.331, 3.008, 5750)
upgrade(15.670, 2.331, 3.008, 14500)
place(18.827, 0.988, 3.056, "Soldier", 500)
task.wait(1)
upgrade(18.827, 2.338, 3.056, 250)
upgrade(18.827, 2.338, 3.056, 800)
upgrade(18.827, 2.338, 3.056, 5750)
upgrade(18.827, 2.338, 3.056, 14500)
place(12.712, 0.974, 1.807, "Soldier", 500)
task.wait(1)
upgrade(12.712, 2.324, 1.807, 250)
upgrade(12.712, 2.324, 1.807, 800)
upgrade(12.712, 2.324, 1.807, 5750)
upgrade(12.712, 2.324, 1.807, 14500)
place(9.742, 0.966, 0.005, "Soldier", 500)
task.wait(1)
upgrade(9.742, 2.316, 0.005, 250)
upgrade(9.742, 2.316, 0.005, 800)
upgrade(9.742, 2.316, 0.005, 5750)
upgrade(9.742, 2.316, 0.005, 14500)
place(17.002, 0.988, 0.163, "Soldier", 500)
task.wait(1)
upgrade(17.002, 2.338, 0.163, 250)
upgrade(17.002, 2.338, 0.163, 800)
upgrade(17.002, 2.338, 0.163, 5750)
upgrade(17.002, 2.338, 0.163, 14500)
place(14.029, 0.986, -0.988, "Soldier", 500)
task.wait(1)
upgrade(14.029, 2.336, -0.988, 250)
upgrade(14.029, 2.336, -0.988, 800)
upgrade(14.029, 2.336, -0.988, 5750)
upgrade(14.029, 2.336, -0.988, 14500)
place(6.751, 0.956, -1.304, "Soldier", 500)
task.wait(1)
upgrade(6.751, 2.306, -1.304, 250)
upgrade(6.751, 2.306, -1.304, 800)
upgrade(6.751, 2.306, -1.304, 5750)
upgrade(6.751, 2.306, -1.304, 14500)
place(11.460, 0.982, -2.750, "Soldier", 500)
task.wait(1)
upgrade(11.460, 2.332, -2.750, 250)
upgrade(11.460, 2.332, -2.750, 800)
upgrade(11.460, 2.332, -2.750, 5750)
upgrade(11.460, 2.332, -2.750, 14500)
place(8.205, 0.973, -4.164, "Soldier", 500)
task.wait(1)
upgrade(8.205, 2.323, -4.164, 250)
upgrade(8.205, 2.323, -4.164, 800)
upgrade(8.205, 2.323, -4.164, 5750)
upgrade(8.205, 2.323, -4.164, 14500)
place(-1.563, 0.933, 4.090, "Soldier", 500)
task.wait(1)
upgrade(-1.563, 2.283, 4.090, 250)
upgrade(-1.563, 2.283, 4.090, 800)
upgrade(-1.563, 2.283, 4.090, 5750)
upgrade(-1.563, 2.283, 4.090, 14500)
place(-2.858, 0.924, 7.521, "Soldier", 500)
task.wait(1)
upgrade(-2.858, 2.274, 7.521, 250)
upgrade(-2.858, 2.274, 7.521, 800)
upgrade(-2.858, 2.274, 7.521, 5750)
upgrade(-2.858, 2.274, 7.521, 14500)
place(-0.691, 0.944, 0.511, "Soldier", 500)
task.wait(1)
upgrade(-0.691, 2.294, 0.511, 250)
upgrade(-0.691, 2.294, 0.511, 800)
upgrade(-0.691, 2.294, 0.511, 5750)
upgrade(-0.691, 2.294, 0.511, 14500)
place(2.172, 0.945, -1.384, "Soldier", 500)
task.wait(1)
upgrade(2.172, 2.295, -1.384, 250)
upgrade(2.172, 2.295, -1.384, 800)
upgrade(2.172, 2.295, -1.384, 5750)
upgrade(2.172, 2.295, -1.384, 14500)
place(22.350, 0.989, 7.849, "Soldier", 500)
task.wait(1)
upgrade(22.350, 2.339, 7.849, 250)
upgrade(22.350, 2.339, 7.849, 800)
upgrade(22.350, 2.339, 7.849, 5750)
upgrade(22.350, 2.339, 7.849, 14500)
place(-3.548, 0.914, 10.858, "Soldier", 500)
task.wait(1)
upgrade(-3.548, 2.264, 10.858, 250)
upgrade(-3.548, 2.264, 10.858, 800)
upgrade(-3.548, 2.264, 10.858, 5750)
upgrade(-3.548, 2.264, 10.858, 14500)
